25,1
25,3
10,125
9,5
8,15
3,2
3,1
3,3
10,274
10,4
10,102
10,140
10,144
10,12
10,242
11,4
11,24
11,18
11,16
11,8
9,7
9,2
9,3
8,11
8,12
8,9
8,2
8,3
52,3
52,2
52,1
52,0
51,5
51,4
51,3
51,2
51,1
51,0
47,3
47,2
47,1
47,0
46,4
46,3
46,2
46,1
46,0
45,5
45,4
45,3
45,2
45,1
45,0
44,4
44,3
44,2
44,1
44,0
42,5
42,4
42,3
42,2
42,1
42,0
39,5
39,4
39,3
39,2
39,1
39,0
37,5
37,4
37,3
37,2
37,1
37,0
35,5
35,4
35,3
35,2
35,1
35,0
20,3
20,2
20,1
19,3
19,2
19,1
18,3
18,1
12,3
12,2
12,1
11,29
11,28
11,26
11,25
11,20
11,19
11,15
11,13
11,12
11,10
14,1
11,7
14,3
11,6
11,3
13,1
11,2
13,3
11,1
